2.7955, 1.8008, 0.5571, 1.6691, "2014-07-15 ", 0.027
5.2678, 4.8762, 1.3385, 2.405, "2014-07-16 ", 0.077
5.3891, 4.9511, 1.3316, 2.1234, "2014-07-17 ", 0.061
5.2153, 4.9788, 1.3105, 2.0428, "2014-07-18 ", 0.057
4.967, 4.9577, 1.3142, 1.4344, "2014-07-19 ", 0.059
4.7018, 4.9462, 1.285, 0.3955, "2014-07-20 ", 0.057
5.4131, 4.9604, 1.3273, 2.3945, "2014-07-21 ", 0.067
5.7092, 4.9546, 1.3055, 2.2018, "2014-07-22 ", 0.075
5.6484, 4.9319, 1.3479, 2.4604, "2014-07-23 ", 0.074
5.7626, 4.9834, 1.3277, 2.6257, "2014-07-24 ", 0.072
5.7639, 5.0098, 1.3338, 2.7551, "2014-07-25 ", 0.066
4.7593, 5, 1.3128, 1.0508, "2014-07-26 ", 0.065
4.6427, 4.8823, 1.2877, 0.2074, "2014-07-27 ", 0.053
5.4131, 4.7854, 1.3329, 2.5067, "2014-07-28 ", 0.076
5.6809, 4.8315, 1.5038, 2.5496, "2014-07-29 ", 0.07
5.4946, 4.8408, 1.4968, 2.4195, "2014-07-30 ", 0.072
4.9959, 4.5083, 1.2386, 2.3148, "2014-07-31 ", 0.065
5.2914, 4.8292, 1.3258, 2.7204, "2014-08-01 ", 0.074
4.4146, 4.8108, 1.2769, 0.8271, "2014-08-02 ", 0.061
4.2598, 4.8056, 1.2687, 0.446, "2014-08-03 ", 0.054
4.9309, 4.2469, 1.4881, 2.539, "2014-08-04 ", 0.071
5.3007, 4.7361, 1.3439, 2.9221, "2014-08-05 ", 0.078
5.0798, 2.732, 1.3393, 2.7882, "2014-08-06 ", 0.062
4.9771, 2.0346, 1.3197, 2.5413, "2014-08-07 ", 0.073
5.0588, 2.0419, 1.324, 2.6415, "2014-08-08 ", 0.069
4.6028, 0.2157, 1.3016, 0.8552, "2014-08-09 ", 0.067
4.259, 0.2416, 1.2695, 0.2119, "2014-08-10 ", 0.056
4.8799, 2.0901, 1.4595, 2.4577, "2014-08-11 ", 0.073
5.1368, 2.4227, 1.3383, 2.5705, "2014-08-12 ", 0.083
4.9978, 2.8979, 1.3171, 2.758, "2014-08-13 ", 0.071
4.9737, 2.2774, 1.2028, 2.5499, "2014-08-14 ", 0.068
4.9799, 3.2768, 1.2184, 2.6277, "2014-08-15 ", 0.068
4.2023, 0.1697, 1.1584, 0.7153, "2014-08-16 ", 0.05
4.1924, 0.1697, 1.1436, 1.0236, "2014-08-17 ", 0.051
4.559, 3.2304, 1.1974, 2.8218, "2014-08-18 ", 0.059
4.5784, 3.3088, 1.1678, 2.3961, "2014-08-19 ", 0.057
4.7131, 3.4062, 1.179, 2.4712, "2014-08-20 ", 0.06
4.6846, 3.3822, 1.1842, 2.192, "2014-08-21 ", 0.084
4.6327, 3.337, 1.1749, 2.282, "2014-08-22 ", 0.054
4.3975, 0.2745, 1.141, 0.4162, "2014-08-23 ", 0.05
4.4144, 0.2536, 1.14, 0.4829, "2014-08-24 ", 0.048
4.7922, 3.3814, 1.2621, 2.5607, "2014-08-25 ", 0.071
4.9048, 3.5133, 1.207, 2.5696, "2014-08-26 ", 0.067
5.0564, 3.453, 1.2144, 2.6156, "2014-08-27 ", 0.067
4.8889, 3.4949, 1.2047, 2.9331, "2014-08-28 ", 0.062
4.8329, 3.4981, 1.2197, 2.2306, "2014-08-29 ", 0.081
3.8126, 2.6647, 1.1606, 1.3808, "2014-08-30 ", 0.053
4.0625, 2.7285, 1.2953, 1.6485, "2014-08-31 ", 0.056
4.0936, 3.7609, 1.2836, 0.8646, "2014-09-01 ", 0.052
6.0102, 3.9887, 1.385, 2.6479, "2014-09-02 ", 0.142
5.8386, 3.8752, 1.3849, 2.6971, "2014-09-03 ", 0.11
5.9378, 3.6662, 1.4076, 2.5274, "2014-09-04 ", 0.143
5.7641, 3.1649, 1.4263, 2.7125, "2014-09-05 ", 0.12
4.0245, 2.3921, 1.281, 0.6444, "2014-09-06 ", 0.054
3.7133, 2.1939, 1.248, 0.3494, "2014-09-07 ", 0.047
6.0441, 2.9484, 1.3116, 2.5897, "2014-09-08 ", 0.161
6.7084, 2.6352, 1.4537, 2.6792, "2014-09-09 ", 0.154
6.8684, 2.9708, 1.4651, 2.6509, "2014-09-10 ", 0.13
6.8337, 3.1111, 1.4525, 2.6729, "2014-09-11 ", 0.172
7.1361, 3.1239, 1.4156, 2.7929, "2014-09-12 ", 0.142
6.4165, 2.3017, 1.26, 1.8882, "2014-09-13 ", 0.149
6.3122, 2.2047, 1.2366, 2.0755, "2014-09-14 ", 0.133
8.0909, 3.0688, 1.6084, 2.7494, "2014-09-15 ", 0.202
8.6037, 2.9436, 1.6044, 2.7889, "2014-09-16 ", 0.179
7.9938, 2.8986, 1.7416, 2.6094, "2014-09-17 ", 0.175
8.1987, 1.7766, 1.826, 2.4314, "2014-09-18 ", 0.195
7.6106, 3.2531, 1.4722, 3.1096, "2014-09-19 ", 0.205
6.8257, 2.2662, 1.4188, 1.9725, "2014-09-20 ", 0.117
6.3849, 2.172, 1.408, 1.8698, "2014-09-21 ", 0.124
8.6879, 2.9837, 1.6335, 2.6203, "2014-09-22 ", 0.205
8.5171, 2.853, 1.5273, 2.7596, "2014-09-23 ", 0.185
8.1741, 2.9728, 1.5697, 2.4777, "2014-09-24 ", 0.163
8.4106, 2.9349, 1.7222, 2.5732, "2014-09-25 ", 0.183
7.9965, 2.9081, 1.5775, 2.5576, "2014-09-26 ", 0.149
6.7668, 2.2203, 1.6383, 1.8925, "2014-09-27 ", 0.117
6.5574, 2.2071, 1.5301, 2.2109, "2014-09-28 ", 0.119
7.9776, 2.964, 1.7285, 3.2956, "2014-09-29 ", 0.227
8.5414, 3.0895, 1.5299, 3.0205, "2014-09-30 ", 0.215
8.4563, 3.0227, 1.5389, 3.3398, "2014-10-01 ", 0.219
7.5779, 3.0287, 1.601, 3.7377, "2014-10-02 ", 0.199
8.4458, 3.0244, 1.4905, 3.2481, "2014-10-03 ", 0.17
7.236, 2.2222, 1.377, 2.7512, "2014-10-04 ", 0.136
7.5191, 2.0529, 1.452, 2.5111, "2014-10-05 ", 0.144
8.9924, 2.8191, 1.4635, 3.1803, "2014-10-06 ", 0.214
8.2731, 2.9296, 1.5195, 3.1555, "2014-10-07 ", 0.212
8.2133, 2.9223, 1.556, 2.9551, "2014-10-08 ", 0.193
8.8866, 2.8532, 1.6997, 3.1288, "2014-10-09 ", 0.206
7.9187, 2.8814, 1.5436, 3.0341, "2014-10-10 ", 0.151
6.8929, 2.0341, 1.3554, 2.1958, "2014-10-11 ", 0.148
6.6581, 2.0022, 1.3654, 2.1313, "2014-10-12 ", 0.15
7.2738, 2.7865, 1.3987, 3.0555, "2014-10-13 ", 0.178
7.5463, 2.8792, 1.5244, 3.1825, "2014-10-14 ", 0.194
9.3964, 2.9535, 1.6904, 3.3464, "2014-10-15 ", 0.227
9.8908, 3.0189, 1.5818, 3.4833, "2014-10-16 ", 0.244
8.775, 2.9779, 1.6655, 3.5331, "2014-10-17 ", 0.223
8.2147, 2.2574, 1.558, 2.8105, "2014-10-18 ", 0.188
7.5642, 2.0502, 1.484, 2.7796, "2014-10-19 ", 0.203
9.7381, 2.8625, 1.4626, 3.7792, "2014-10-20 ", 0.208
8.911, 2.69, 1.4842, 3.3595, "2014-10-21 ", 0.234
9.1028, 2.7733, 1.5273, 3.488, "2014-10-22 ", 0.373
9.0914, 2.7404, 1.6342, 3.534, "2014-10-23 ", 0.263
8.6862, 2.6831, 1.5049, 3.2552, "2014-10-24 ", 0.191
7.135, 1.8769, 1.3757, 2.5176, "2014-10-25 ", 0.142
6.7713, 1.9395, 1.5476, 2.5293, "2014-10-26 ", 0.201
9.0042, 2.6844, 1.5648, 3.2232, "2014-10-27 ", 0.186
9.9433, 2.7217, 1.5347, 3.4762, "2014-10-28 ", 0.209
9.9106, 2.8756, 1.6615, 3.5663, "2014-10-29 ", 0.229
10.4524, 2.6767, 1.7451, 3.4466, "2014-10-30 ", 0.343
8.5459, 2.7646, 1.6938, 3.5227, "2014-10-31 ", 0.206
6.3644, 2.0619, 1.4351, 1.6928, "2014-11-01 ", 0.091
7.3336, 2.3904, 1.7892, 2.9098, "2014-11-02 ", 0.152
9.8188, 3.0741, 1.6209, 3.9032, "2014-11-03 ", 0.226
10.4149, 2.8201, 1.5991, 3.6579, "2014-11-04 ", 0.214
9.8851, 2.8621, 1.7523, 3.3376, "2014-11-05 ", 0.216
9.5734, 2.6657, 1.7678, 3.7196, "2014-11-06 ", 0.221
9.7755, 2.805, 1.5016, 3.4139, "2014-11-07 ", 0.224
7.969, 1.9931, 1.4353, 3.2261, "2014-11-08 ", 0.195
9.159, 1.9474, 1.4693, 3.2892, "2014-11-09 ", 0.196
9.3382, 2.7954, 1.4861, 3.6063, "2014-11-10 ", 0.234
9.202, 2.7439, 1.5654, 3.3377, "2014-11-11 ", 0.222
9.745, 2.8771, 1.6585, 3.6091, "2014-11-12 ", 0.242
9.5759, 2.8147, 1.6603, 3.6854, "2014-11-13 ", 0.235
9.2033, 2.8086, 1.4624, 3.4908, "2014-11-14 ", 0.185
8.0145, 2.0999, 1.5424, 3.3314, "2014-11-15 ", 0.17
8.3926, 2.1096, 1.6598, 3.2013, "2014-11-16 ", 0.175
9.3853, 2.8096, 1.5875, 3.4441, "2014-11-17 ", 0.24
10.1411, 2.9009, 1.5907, 3.5256, "2014-11-18 ", 0.228
9.84, 2.9642, 1.547, 3.4675, "2014-11-19 ", 0.244
9.7676, 2.9705, 1.5662, 3.4858, "2014-11-20 ", 0.215
9.7421, 3.049, 1.4624, 3.6515, "2014-11-21 ", 0.209
6.0744, 2.1331, 1.4037, 0.5925, "2014-11-22 ", 0.152
6.2052, 1.9683, 1.522, 0.1275, "2014-11-23 ", 0.139
7.7064, 2.9641, 1.6757, 0.1349, "2014-11-24 ", 0.209
8.4305, 2.7491, 1.7122, 0.1177, "2014-11-25 ", 0.2
9.0436, 2.9171, 1.6723, 0.129, "2014-11-26 ", 0.224
3.8511, 1.4299, 1.2314, 0.0076, "2014-11-27 ", 0.052
3.9517, 1.6896, 1.1974, 0, "2014-11-28 ", 0.05
6.2996, 1.8668, 1.5585, 0.0951, "2014-11-29 ", 0.15
7.4883, 1.5445, 1.7473, 0.1373, "2014-11-30 ", 0.175
8.5046, 2.7359, 1.976, 1.4999, "2014-12-01 ", 0.214
9.7294, 2.8751, 1.702, 3.7253, "2014-12-02 ", 0.237
10.1135, 2.8448, 1.779, 4.2728, "2014-12-03 ", 0.242
9.9982, 2.8667, 1.8177, 4.1612, "2014-12-04 ", 0.207
7.4363, 2.8982, 1.456, 3.9702, "2014-12-05 ", 0.165
5.5427, 2.0531, 1.4154, 3.4484, "2014-12-06 ", 0.139
6.0539, 2.1411, 1.42, 3.9437, "2014-12-07 ", 0.168
7.4408, 3.0295, 1.4211, 4.615, "2014-12-08 ", 0.22
7.0151, 3.0423, 1.3961, 3.8373, "2014-12-09 ", 0.189
6.8227, 3.016, 1.5961, 3.2789, "2014-12-10 ", 0.176
6.996, 2.879, 1.5833, 3.7689, "2014-12-11 ", 0.218
6.7392, 2.9177, 1.3049, 3.7139, "2014-12-12 ", 0.178
5.2917, 2.0439, 1.2662, 2.9526, "2014-12-13 ", 0.129
5.3152, 2.0151, 1.3082, 3.3131, "2014-12-14 ", 0.109
6.1395, 3.0211, 1.2599, 3.666, "2014-12-15 ", 0.131
7.2474, 3.0765, 1.3746, 3.7908, "2014-12-16 ", 0.151
8.8387, 2.9644, 1.647, 2.5073, "2014-12-17 ", 0.173
9.0612, 3.2746, 1.761, 2.4702, "2014-12-18 ", 0.105
4.621, 3.0914, 1.3002, 2.6123, "2014-12-19 ", 0.033
3.2885, 2.1431, 1.2531, 1.0749, "2014-12-20 ", 0.023
3.5082, 2.3522, 1.16, 0.8878, "2014-12-21 ", 0.015
4.6566, 3.3174, 1.2067, 2.2353, "2014-12-22 ", 0.025
3.9697, 3.0632, 1.1777, 1.4878, "2014-12-23 ", 0.025
2.6415, 1.253, 1.1564, 0.7672, "2014-12-24 ", 0.02
2.8932, 1.2608, 1.1514, 0.6157, "2014-12-25 ", 0.02
2.9047, 1.2946, 1.1559, 0.4974, "2014-12-26 ", 0.02
2.9333, 1.303, 1.157, 0.526, "2014-12-27 ", 0.016
2.8986, 1.2565, 1.1561, 0.5753, "2014-12-28 ", 0.02
1.6272, 0.3894, 1.0145, 0.5151, "2014-12-29 ", 0.016
1.5244, 0.4369, 1.162, 1.5918, "2014-12-30 ", 0.016
1.4102, 0.4338, 1.159, 0.6308, "2014-12-31 ", 0.011
1.4062, 0.4246, 1.158, 0.6239, "2015-01-01 ", 0.013
1.4305, 0.4334, 1.142, 0.7507, "2015-01-02 ", 0.011
1.4065, 0.4314, 1.126, 0.4527, "2015-01-03 ", 0.015
1.4175, 0.4297, 1.144, 0.4523, "2015-01-04 ", 0.015
2.9391, 0.4842, 1.1671, 2.1896, "2015-01-05 ", 0.03
3.5256, 0.4851, 1.1719, 2.8318, "2015-01-06 ", 0.045
3.657, 0.4552, 1.1816, 2.4042, "2015-01-07 ", 0.043
3.7673, 0.5008, 1.1627, 2.3065, "2015-01-08 ", 0.051
3.7786, 0.5004, 1.1526, 2.2596, "2015-01-09 ", 0.085
2.4213, 0.4953, 1.1619, 1.0665, "2015-01-10 ", 0.073
2.1559, 0.5108, 1.1555, 1.2382, "2015-01-11 ", 0.067
3.1323, 0.4271, 1.262, 2.847, "2015-01-12 ", 0.101
3.5496, 0.4585, 1.1973, 2.345, "2015-01-13 ", 0.098
4.7832, 1.1377, 1.1921, 2.5241, "2015-01-14 ", 0.094
4.9222, 2.5865, 1.3038, 2.36, "2015-01-15 ", 0.094
4.4827, 2.5718, 1.3633, 2.0899, "2015-01-16 ", 0.084
3.4229, 2.3223, 1.3947, 1.2454, "2015-01-17 ", 0.081
3.0346, 2.2047, 1.2735, 1.2317, "2015-01-18 ", 0.085
2.5499, 2.4755, 1.2013, 0.8019, "2015-01-19 ", 0.057
4.4652, 2.4378, 1.3265, 2.5755, "2015-01-20 ", 0.105
4.4203, 2.4934, 1.4357, 2.3278, "2015-01-21 ", 0.133
4.7865, 2.4934, 1.3299, 2.25, "2015-01-22 ", 0.12
4.6918, 2.3902, 1.4067, 2.4183, "2015-01-23 ", 0.118
3.5301, 2.193, 1.307, 1.6055, "2015-01-24 ", 0.11
2.7619, 2.1903, 1.3262, 1.3458, "2015-01-25 ", 0.107
3.6021, 3.073, 1.3317, 1.8482, "2015-01-26 ", 0.11
2.4606, 3.2951, 1.2624, 0.5534, "2015-01-27 ", 0.051
6.4278, 3.3668, 1.4367, 3.0609, "2015-01-28 ", 0.16
5.4671, 3.3271, 1.372, 3.0297, "2015-01-29 ", 0.179
4.3413, 3.172, 1.4308, 3.1306, "2015-01-30 ", 0.177
3.3194, 2.3228, 1.3911, 1.8902, "2015-01-31 ", 0.119
3.0871, 2.3147, 1.212, 1.6185, "2015-02-01 ", 0.1025
6.0568, 3.0317, 1.3131, 3.0519, "2015-02-02 ", 0.1691
6.7151, 2.9995, 1.2608, 3.023, "2015-02-03 ", 0.149
5.7319, 3.1772, 1.4335, 3.4012, "2015-02-04 ", 0.0596
6.6027, 3.1507, 1.5699, 3.0804, "2015-02-05 ", 0.0532
6.721, 3.2086, 1.3769, 3.2497, "2015-02-06 ", 0.0443
5.531, 2.3934, 1.33, 2.2989, "2015-02-07 ", 0.045
6.0425, 2.4775, 1.3882, 2.2165, "2015-02-08 ", 0.0232
7.4046, 3.2226, 1.5888, 3.3717, "2015-02-09 ", 0.0409
7.0243, 3.2983, 1.6703, 3.0092, "2015-02-10 ", 0.0393
7.5408, 3.0773, 1.7232, 3.6131, "2015-02-11 ", 0.0405
7.3643, 3.143, 1.6835, 3.1109, "2015-02-12 ", 0.0407
5.6228, 3.1652, 1.4414, 2.9941, "2015-02-13 ", 0.021
4.3358, 2.451, 1.3756, 2.3591, "2015-02-14 ", 0.0057
4.2001, 2.3568, 1.3558, 2.0258, "2015-02-15 ", 0.0133
2.8179, 3.141, 1.2599, 0.6994, "2015-02-16 ", 0
7.2218, 3.2557, 1.7024, 3.0284, "2015-02-17 ", 0.0349
7.5012, 3.167, 1.6653, 3.1971, "2015-02-18 ", 0.0412
7.5141, 3.1583, 1.5728, 3.2389, "2015-02-19 ", 0.0528
7.3298, 3.0924, 1.6854, 3.2307, "2015-02-20 ", 0
5.2738, 2.2988, 1.5023, 2.8613, "2015-02-21 ", 0.0179
6.4409, 2.4312, 1.3928, 2.7034, "2015-02-22 ", 0.0266
6.2865, 3.3039, 1.596, 3.2696, "2015-02-23 ", 0.0383
7.5509, 2.9324, 1.7318, 3.4171, "2015-02-24 ", 0.0459
7.4156, 2.9716, 1.6676, 3.5175, "2015-02-25 ", 0.0308
7.7224, 3.119, 1.6696, 3.5759, "2015-02-26 ", 0.0264
5.9235, 3.1268, 1.7203, 3.2526, "2015-02-27 ", 0.0341
7.5872, 2.3915, 1.8734, 2.9943, "2015-02-28 ", 0.0323
6.9434, 2.3296, 1.7916, 3.1559, "2015-03-01 ", 0.0467
7.4355, 2.9496, 1.8483, 3.355, "2015-03-02 ", 0.0454
7.0595, 3.0601, 1.7383, 3.6, "2015-03-03 ", 0.0366
7.2803, 2.9798, 1.4874, 3.4575, "2015-03-04 ", 0.055
7.5735, 2.9692, 1.8698, 3.4632, "2015-03-05 ", 0.0347
7.2538, 3.1531, 1.8414, 3.3835, "2015-03-06 ", 0.0152
6.935, 2.3188, 1.8424, 2.7852, "2015-03-07 ", 0.0227
6.5613, 2.2576, 1.8516, 2.7247, "2015-03-08 ", 0.0543
6.9285, 3.0714, 1.9188, 3.5291, "2015-03-09 ", 0.056
8.3456, 2.9928, 2.1052, 3.327, "2015-03-10 ", 0.059
8.1438, 2.9629, 1.9636, 3.2982, "2015-03-11 ", 0.0525
7.2303, 3.033, 1.9932, 3.5429, "2015-03-12 ", 0.0594
6.3387, 3.1179, 1.5422, 3.0798, "2015-03-13 ", 0.0198
4.2406, 2.2219, 1.1705, 1.6167, "2015-03-14 ", 0
4.171, 2.2288, 1.1765, 1.667, "2015-03-15 ", 0
4.9985, 2.959, 1.2479, 2.8281, "2015-03-16 ", 0.0091
5.2543, 2.9325, 1.2676, 3.2995, "2015-03-17 ", 0.0237
6.0786, 3.0336, 1.4285, 2.8064, "2015-03-18 ", 0.0109
6.3445, 3.1647, 1.5411, 2.7087, "2015-03-19 ", 0.0587
5.2803, 3.1688, 1.4475, 2.6983, "2015-03-20 ", 0.0544
5.0079, 2.3513, 1.3842, 2.0623, "2015-03-21 ", 0.0677
5.1042, 2.3621, 1.4309, 1.7944, "2015-03-22 ", 0.0622
7.6108, 3.2411, 1.6, 3.0478, "2015-03-23 ", 0.1272
8.1507, 3.2298, 1.7079, 3.3466, "2015-03-24 ", 0.1373
7.7284, 3.1223, 1.8405, 3.5675, "2015-03-25 ", 0.1143
7.8152, 3.117, 1.6792, 3.7664, "2015-03-26 ", 0.0799
6.9938, 3.0934, 1.5668, 3.3879, "2015-03-27 ", 0.1126
5.8701, 2.3309, 1.5493, 2.3594, "2015-03-28 ", 0.1018
5.8044, 2.3456, 1.6172, 2.6052, "2015-03-29 ", 0.1213
7.2638, 3.1284, 1.6903, 3.2753, "2015-03-30 ", 0.1604
7.7451, 3.1375, 1.6636, 3.1735, "2015-03-31 ", 0.1303
6.9884, 3.1599, 1.5085, 3.2916, "2015-04-01 ", 0.1299
7.3658, 3.0546, 1.9279, 3.5487, "2015-04-02 ", 0.1408
6.4094, 3.0754, 1.6326, 3.13, "2015-04-03 ", 0.1347
6.6646, 2.3493, 1.7993, 2.5733, "2015-04-04 ", 0.1084
6.4161, 2.1987, 1.5044, 2.1397, "2015-04-05 ", 0.1111
7.7977, 3.0923, 1.7161, 3.1691, "2015-04-06 ", 0.1427
8.4486, 3.0375, 1.7826, 3.812, "2015-04-07 ", 0.1442
7.965, 2.9661, 1.6889, 3.2076, "2015-04-08 ", 0.1719
8.5416, 3.0098, 1.7168, 3.7415, "2015-04-09 ", 0.1617
7.3887, 2.9298, 1.6813, 3.6207, "2015-04-10 ", 0.1372
6.6101, 2.0617, 1.9185, 2.5168, "2015-04-11 ", 0.1379
6.5243, 2.0814, 1.6344, 2.7333, "2015-04-12 ", 0.1279
7.7198, 3.0184, 1.5829, 3.1639, "2015-04-13 ", 0.1732
7.5389, 3.0484, 1.875, 3.3964, "2015-04-14 ", 0.1872
7.4907, 2.8846, 1.9558, 3.2915, "2015-04-15 ", 0.1349
8.4979, 2.9415, 2.0192, 3.2907, "2015-04-16 ", 0.1382
7.6603, 2.9902, 1.72, 3.6101, "2015-04-17 ", 0.1315
5.9628, 2.1932, 1.7214, 3.1106, "2015-04-18 ", 0.1387
7.4477, 2.101, 1.9326, 3.6696, "2015-04-19 ", 0.1109
7.7026, 2.9442, 1.6075, 4.1327, "2015-04-20 ", 0.1642
8.4218, 2.8298, 1.9051, 3.9582, "2015-04-21 ", 0.1606
8.1168, 2.7821, 1.9518, 3.8032, "2015-04-22 ", 0.1781
8.625, 2.8257, 2.0179, 3.5716, "2015-04-23 ", 0.1408
8.9569, 2.8068, 1.7437, 3.5207, "2015-04-24 ", 0.1386
6.9887, 1.996, 1.9105, 2.6419, "2015-04-25 ", 0.1493
6.8331, 1.9931, 1.567, 3.0834, "2015-04-26 ", 0.1784
8.2677, 2.7366, 2.0364, 3.4695, "2015-04-27 ", 0.1741
8.8827, 2.8278, 1.8033, 3.5378, "2015-04-28 ", 0.1765
7.9016, 2.7041, 1.8433, 3.2509, "2015-04-29 ", 0.1375
8.255, 2.7405, 1.7515, 3.3142, "2015-04-30 ", 0.1404
8.0427, 2.7324, 1.8306, 3.2563, "2015-05-01 ", 0.123
7.5914, 1.9696, 1.8311, 3.4253, "2015-05-02 ", 0.1206
7.4491, 1.9498, 1.7598, 2.6384, "2015-05-03 ", 0.1202
9.1081, 2.9379, 1.9823, 3.7852, "2015-05-04 ", 0.1144
8.5575, 3.0338, 1.968, 3.6665, "2015-05-05 ", 0.1462
7.712, 3.0799, 1.9983, 3.9019, "2015-05-06 ", 0.1141
7.5205, 2.8011, 1.9, 3.7388, "2015-05-07 ", 0.1203
7.7091, 2.7056, 1.6644, 3.4912, "2015-05-08 ", 0.0998
5.6449, 1.9006, 1.4122, 2.8483, "2015-05-09 ", 0.0929
6.6947, 1.958, 1.4286, 2.7302, "2015-05-10 ", 0.0968
7.3032, 3.2379, 1.7072, 3.1135, "2015-05-11 ", 0.1027
7.7769, 3.5866, 1.7668, 3.3267, "2015-05-12 ", 0.1026
7.0846, 3.5061, 1.6019, 2.9133, "2015-05-13 ", 0.0994
8.0508, 3.427, 1.4949, 2.9742, "2015-05-14 ", 0.1134
6.5884, 3.3702, 1.5365, 2.8534, "2015-05-15 ", 0.1383
4.7279, 2.5536, 1.2164, 2.1344, "2015-05-16 ", 0.0619
5.7301, 2.6528, 1.2631, 2.3893, "2015-05-17 ", 0.0789
6.4538, 3.8264, 1.4041, 3.2407, "2015-05-18 ", 0.0886
7.9282, 3.4159, 1.6789, 2.1682, "2015-05-19 ", 0.1186
7.2782, 3.3448, 1.6046, 1.9292, "2015-05-20 ", 0.1135
4.2328, 3.0918, 1.2123, 2.2856, "2015-05-21 ", 0.0673
4.2949, 3.1069, 1.1633, 1.8453, "2015-05-22 ", 0.0706
2.7606, 3.4088, 1.0339, 0.8055, "2015-05-23 ", 0.0483
2.9181, 1.2164, 1.0719, 0.913, "2015-05-24 ", 0.057
2.7403, 1.3399, 1.0509, 0.7241, "2015-05-25 ", 0.0491
4.6444, 3.1974, 1.1148, 2.6519, "2015-05-26 ", 0.0706
4.6684, 3.3758, 1.3192, 2.5334, "2015-05-27 ", 0.0702
4.3149, 3.3257, 1.2972, 2.4201, "2015-05-28 ", 0.0657
4.4075, 3.1534, 1.2045, 2.6461, "2015-05-29 ", 0.0693
3.8171, 3.649, 1.2916, 0.7012, "2015-05-30 ", 0.0679
3.1899, 3.6642, 1.3587, 0.7119, "2015-05-31 ", 0.0538
6.0659, 3.0282, 1.3173, 2.8079, "2015-06-01 ", 0.0802
6.5056, 2.966, 1.2448, 3.0674, "2015-06-02 ", 0.1187
6.0757, 3.0345, 1.325, 2.8298, "2015-06-03 ", 0.1204
5.6598, 3.0553, 1.3651, 2.9607, "2015-06-04 ", 0.0972
5.6216, 3.036, 1.2272, 2.6955, "2015-06-05 ", 0.1109
4.9245, 3.5235, 1.1786, 1.7236, "2015-06-06 ", 0.0815
4.8473, 3.5122, 1.259, 2.0384, "2015-06-07 ", 0.0886
6.6615, 3.1246, 1.4193, 2.9234, "2015-06-08 ", 0.0989
6.6542, 3.3129, 1.3714, 2.9843, "2015-06-09 ", 0.1342
6.913, 3.3152, 1.4383, 2.7689, "2015-06-10 ", 0.113
6.7626, 3.3507, 1.3026, 3.1041, "2015-06-11 ", 0.2088
6.3957, 4.0739, 1.3436, 2.8627, "2015-06-12 ", 0.1058
5.4249, 4.3622, 1.3868, 1.963, "2015-06-13 ", 0.094
5.5321, 3.8294, 1.4337, 1.7827, "2015-06-14 ", 0.102
6.375, 3.2302, 1.4325, 3.0383, "2015-06-15 ", 0.109
6.7472, 3.3263, 1.584, 3.1114, "2015-06-16 ", 0.1147
6.9449, 3.4181, 1.4065, 3.2695, "2015-06-17 ", 0.1231
6.5704, 3.3804, 1.4403, 3.0107, "2015-06-18 ", 0.1377
6.5114, 3.3244, 1.4343, 2.4474, "2015-06-19 ", 0.1242
5.517, 3.833, 1.3472, 2.1354, "2015-06-20 ", 0.1274
5.5966, 3.7876, 1.3461, 2.0062, "2015-06-21 ", 0.0965
6.9336, 3.4807, 1.4865, 2.9474, "2015-06-22 ", 0.1309
7.0276, 3.6432, 1.3747, 2.76, "2015-06-23 ", 0.1206
7.3482, 3.4385, 1.4661, 2.5997, "2015-06-24 ", 0.1345
7.0187, 3.3918, 1.566, 2.944, "2015-06-25 ", 0.1276
7.1229, 3.389, 1.4904, 2.9139, "2015-06-26 ", 0.1293
5.0555, 3.7604, 1.3547, 1.6914, "2015-06-27 ", 0.0791
5.0584, 3.5763, 1.3038, 1.2324, "2015-06-28 ", 0.0676
5.4111, 3.205, 1.3521, 2.8768, "2015-06-29 ", 0.0638
5.2012, 3.2764, 1.4064, 2.9648, "2015-06-30 ", 0.0661
5.342, 3.4666, 1.3019, 2.9901, "2015-07-01 ", 0.0859
4.718, 3.3886, 1.4403, 3.0095, "2015-07-02 ", 0.1065
3.5035, 3.3697, 1.2387, 0.9571, "2015-07-03 ", 0.0504
3.1066, 3.7194, 1.2409, 0.9452, "2015-07-04 ", 0.0474
3.6262, 3.7381, 1.2555, 0.9552, "2015-07-05 ", 0.0459
4.9263, 3.4618, 1.3776, 2.917, "2015-07-06 ", 0.0921
5.8564, 3.5318, 1.4266, 2.7662, "2015-07-07 ", 0.0986
6.2035, 3.8337, 1.4012, 3.1369, "2015-07-08 ", 0.1463
6.1896, 3.6062, 1.3181, 2.8476, "2015-07-09 ", 0.1079
5.6885, 2.2657, 1.2712, 2.6575, "2015-07-10 ", 0.1096
6.032, 2.541, 1.5139, 2.5395, "2015-07-11 ", 0.0887
4.6051, 2.3875, 1.517, 2.5221, "2015-07-12 ", 0.1338
5.0622, 2.1862, 1.5678, 2.9866, "2015-07-13 ", 0.1166
5.0857, 2.0801, 1.5852, 3.0111, "2015-07-14 ", 0.1153
5.2101, 2.1418, 1.5367, 3.0246, "2015-07-15 ", 0.1152
5.1652, 2.0846, 1.6771, 2.9512, "2015-07-16 ", 0.093
4.4712, 2.0831, 1.4836, 2.5881, "2015-07-17 ", 0.098
3.3835, 2.3453, 1.5043, 1.4594, "2015-07-18 ", 0.0925
3.5861, 2.4057, 1.5587, 1.805, "2015-07-19 ", 0.0948
4.2292, 2.4946, 1.537, 2.932, "2015-07-20 ", 0.0899
4.7211, 2.3811, 1.5908, 2.9475, "2015-07-21 ", 0.1082
4.2973, 2.1599, 1.6, 3.0258, "2015-07-22 ", 0.1321
4.4228, 2.1347, 1.4912, 2.7683, "2015-07-23 ", 0.1121
4.4406, 2.1261, 1.4774, 2.8707, "2015-07-24 ", 0.091
3.6682, 2.4725, 1.2576, 1.5862, "2015-07-25 ", 0.0866
2.8482, 2.55, 1.2652, 1.6169, "2015-07-26 ", 0.0883
3.2953, 2.3528, 1.3683, 2.5216, "2015-07-27 ", 0.1102
4.4642, 2.1645, 1.5033, 2.9311, "2015-07-28 ", 0.087
3.6549, 2.2478, 1.4381, 3.2637, "2015-07-29 ", 0.0938
3.8298, 2.1881, 1.3861, 3.1442, "2015-07-30 ", 0.0946
3.4494, 2.1552, 1.3469, 2.8845, "2015-07-31 ", 0.097
2.8133, 2.3906, 1.3133, 1.7264, "2015-08-01 ", 0.0783
2.7656, 2.3578, 1.3194, 0.9845, "2015-08-02 ", 0.0702
3.1489, 2.088, 1.3444, 2.6988, "2015-08-04 ", 0.0693
3.0156, 2.1624, 1.3425, 2.4088, "2015-08-05 ", 0.0526
2.8522, 2.0929, 1.3173, 2.531, "2015-08-06 ", 0.0562
2.9411, 2.0699, 1.309, 2.5787, "2015-08-07 ", 0.0532
2.8276, 2.3343, 1.2908, 1.4376, "2015-08-08 ", 0.0554
2.6828, 2.3391, 1.2896, 1.5665, "2015-08-09 ", 0.0468
2.9326, 2.0727, 1.365, 1.5594, "2015-08-10 ", 0.0467
2.842, 2.0305, 1.3298, 2.0806, "2015-08-11 ", 0.0591
2.6149, 2.0606, 1.3407, 2.3848, "2015-08-12 ", 0.0535
2.4064, 2.0567, 1.3177, 2.004, "2015-08-13 ", 0.0455
2.2818, 2.1332, 1.3478, 2.0818, "2015-08-14 ", 0.0441
2.1003, 2.3367, 1.3073, 1.6108, "2015-08-15 ", 0.0512
1.9998, 2.3524, 1.3194, 1.9622, "2015-08-16 ", 0.0446
2.3312, 2.1495, 1.3757, 2.4506, "2015-08-17 ", 0.0443
2.1723, 2.122, 1.3422, 2.1406, "2015-08-18 ", 0.0467
2.1782, 1.2952, 1.3141, 2.41, "2015-08-19 ", 0.0557
2.4337, 0.2575, 1.2523, 2.4664, "2015-08-20 ", 0.0575
2.1609, 0.3803, 1.1098, 2.5654, "2015-08-21 ", 0.0536
2.0939, 0.4221, 1.1173, 1.9476, "2015-08-22 ", 0.0483
2.0311, 0.4276, 1.1018, 1.9245, "2015-08-23 ", 0.0487
2.2313, 0.4295, 1.1128, 2.6417, "2015-08-24 ", 0.0565
2.3216, 1.0848, 1.1036, 2.4457, "2015-08-25 ", 0.0531
2.7614, 2.4504, 1.2271, 2.3096, "2015-08-26 ", 0.085
3.0787, 2.3121, 1.3198, 2.3234, "2015-08-27 ", 0.0864
2.4484, 2.2635, 1.3129, 2.0018, "2015-08-28 ", 0.0529
1.8974, 2.4835, 1.3086, 1.1079, "2015-08-29 ", 0.0557
2.0261, 2.4824, 1.2694, 0.892, "2015-08-30 ", 0.0637
2.8227, 2.3886, 1.3344, 2.3451, "2015-08-31 ", 0.0723
3.8199, 2.3776, 1.318, 2.2984, "2015-09-01 ", 0.0811
5.1753, 2.3107, 1.3225, 2.7526, "2015-09-02 ", 0.1109
5.4206, 2.538, 1.2032, 3.1115, "2015-09-03 ", 0.1248
5.5686, 2.8023, 1.3361, 3.0028, "2015-09-04 ", 0.0988
3.1811, 2.7996, 1.1338, 0.7161, "2015-09-05 ", 0.055
3.1158, 2.7718, 1.1612, 0.6937, "2015-09-06 ", 0.0493
3.1282, 2.39, 1.1618, 0.6464, "2015-09-07 ", 0.045
5.8957, 2.4555, 1.3469, 2.9995, "2015-09-08 ", 0.1249
5.8929, 2.5595, 1.59, 3.0144, "2015-09-09 ", 0.1625
5.975, 2.5049, 1.6451, 3.0262, "2015-09-10 ", 0.1637
6.0798, 2.4016, 1.5907, 2.7563, "2015-09-11 ", 0.1272
3.6938, 1.9879, 1.696, 2.1695, "2015-09-12 ", 0.1227
4.6057, 1.9835, 1.9047, 2.0967, "2015-09-13 ", 0.1345
6.1103, 2.3674, 1.8279, 2.9305, "2015-09-14 ", 0.1683
6.5042, 2.3393, 1.9774, 3.4916, "2015-09-15 ", 0.1672
6.745, 2.3929, 1.7805, 3.3555, "2015-09-16 ", 0.24
6.8278, 2.295, 1.8633, 3.0121, "2015-09-17 ", 0.172
6.1711, 2.2041, 1.7144, 3.0486, "2015-09-18 ", 0.1692
5.3827, 1.6683, 1.3895, 1.9457, "2015-09-19 ", 0.1003
5.7106, 1.7836, 1.4653, 2.0293, "2015-09-20 ", 0.1687
6.0576, 2.1339, 1.4945, 2.9592, "2015-09-21 ", 0.1465
6.8443, 2.1103, 1.8242, 3.1071, "2015-09-22 ", 0.2043
7.1143, 2.1061, 1.668, 3.3815, "2015-09-23 ", 0.2727
6.9585, 2.0891, 1.9038, 3.1661, "2015-09-24 ", 0.212
7.0071, 2.1414, 1.824, 3.1529, "2015-09-25 ", 0.1737
5.3821, 1.6095, 1.6585, 1.6758, "2015-09-26 ", 0.1225
5.8134, 1.571, 1.4974, 2.1579, "2015-09-27 ", 0.1288
7.1189, 2.1147, 1.7696, 3.2262, "2015-09-28 ", 0.1704
7.2929, 2.2818, 1.9902, 3.3306, "2015-09-29 ", 0.1994
7.5553, 2.1341, 1.9439, 3.2687, "2015-09-30 ", 0.2144
8.131, 2.0694, 1.7669, 3.2809, "2015-10-01 ", 0.1935
6.8063, 2.0504, 1.5524, 3.0911, "2015-10-02 ", 0.1861
6.1166, 1.4867, 1.715, 2.5967, "2015-10-03 ", 0.1437
6.1874, 1.5034, 1.5047, 2.1484, "2015-10-04 ", 0.1271
7.9192, 1.9878, 1.7446, 2.9786, "2015-10-05 ", 0.1973
8.3016, 1.9725, 1.7338, 3.3299, "2015-10-06 ", 0.236
8.1871, 2.0273, 1.6318, 3.2063, "2015-10-07 ", 0.2221
8.2615, 2.074, 1.6785, 3.2387, "2015-10-08 ", 0.2222
6.2853, 2.0579, 1.8389, 3.2449, "2015-10-09 ", 0.2001
4.3835, 1.5061, 1.9542, 2.3639, "2015-10-10 ", 0.1483
4.3832, 1.47, 1.6912, 2.5105, "2015-10-11 ", 0.1628
5.6742, 2.7327, 1.8741, 3.0013, "2015-10-12 ", 0.1703
6.9254, 4.7905, 1.9305, 3.3423, "2015-10-13 ", 0.1986
6.6894, 4.8078, 1.7236, 3.4447, "2015-10-14 ", 0.2473
7.0861, 4.805, 1.7004, 3.0607, "2015-10-15 ", 0.2373
6.2321, 4.8001, 1.6727, 3.2126, "2015-10-16 ", 0.1782
4.8879, 4.8524, 1.8862, 2.3934, "2015-10-17 ", 0.1757
4.9935, 4.925, 1.5788, 2.2718, "2015-10-18 ", 0.142
5.9796, 5.0837, 1.7056, 3.4131, "2015-10-19 ", 0.2295
7.3606, 5.067, 1.8354, 3.4187, "2015-10-20 ", 0.2534
5.4947, 5.0599, 1.591, 3.3079, "2015-10-21 ", 0.2183
6.5313, 4.977, 1.7876, 3.2683, "2015-10-22 ", 0.2072
5.9642, 4.9071, 1.6453, 3.1899, "2015-10-23 ", 0.1896
3.9836, 4.972, 1.6874, 2.1623, "2015-10-24 ", 0.1166
3.9927, 4.8892, 1.5816, 2.2869, "2015-10-25 ", 0.1491
5.2875, 4.9534, 1.5908, 3.402, "2015-10-26 ", 0.2617
5.2229, 4.9639, 1.6202, 3.1613, "2015-10-27 ", 0.209
5.7867, 4.847, 1.5311, 3.5011, "2015-10-28 ", 0.2328
5.3456, 4.8773, 1.5117, 3.1151, "2015-10-29 ", 0.1839
5.4093, 4.8747, 1.5782, 2.701, "2015-10-30 ", 0.1437
4.4782, 4.9017, 1.5058, 1.8877, "2015-10-31 ", 0.1045
3.6173, 4.8582, 1.4108, 2.1659, "2015-11-01 ", 0.1407
4.7454, 4.8691, 1.661, 3.3747, "2015-11-02 ", 0.2058
5.9016, 4.9414, 1.7132, 3.1937, "2015-11-03 ", 0.204
6.2226, 4.9166, 1.6647, 3.1338, "2015-11-04 ", 0.2877
5.7943, 4.8705, 1.5683, 3.2939, "2015-11-05 ", 0.1922
6.0123, 4.8826, 1.5656, 3.3972, "2015-11-06 ", 0.1879
5.4724, 4.8942, 1.5462, 2.3372, "2015-11-07 ", 0.1597
5.9225, 4.9192, 1.5542, 2.2084, "2015-11-08 ", 0.1675
7.0494, 4.9223, 1.7458, 3.2959, "2015-11-09 ", 0.2265
6.9633, 4.8488, 1.8702, 3.4865, "2015-11-10 ", 0.2051
7.2094, 4.8233, 1.9562, 3.4789, "2015-11-11 ", 0.2613
8.1106, 4.764, 1.7514, 3.3076, "2015-11-12 ", 0.2517
6.5067, 4.7722, 1.8586, 3.0541, "2015-11-13 ", 0.1871
5.9922, 4.8313, 1.7775, 2.2453, "2015-11-14 ", 0.1788
5.7183, 4.8383, 1.6834, 2.5166, "2015-11-15 ", 0.2347
6.9855, 4.8454, 1.7616, 3.792, "2015-11-16 ", 0.236
6.7635, 4.8589, 1.8596, 3.1765, "2015-11-17 ", 0.2232
7.0319, 4.8496, 1.7424, 3.5935, "2015-11-18 ", 0.2757
7.8866, 4.7682, 1.779, 3.403, "2015-11-19 ", 0.2588
7.2017, 4.8037, 1.649, 3.3456, "2015-11-20 ", 0.2092
5.0782, 4.8325, 1.5697, 2.5007, "2015-11-21 ", 0.1963
5.1303, 4.7781, 1.5529, 2.3175, "2015-11-22 ", 0.2225
6.8434, 4.8674, 1.8513, 3.2601, "2015-11-23 ", 0.2359
6.7066, 4.902, 1.7071, 3.3752, "2015-11-24 ", 0.2403
5.9351, 4.9026, 1.6953, 3.0281, "2015-11-25 ", 0.2034
3.769, 4.8847, 1.4022, 0.7833, "2015-11-26 ", 0.085
3.572, 4.8178, 1.3444, 0.6717, "2015-11-27 ", 0.0831
4.5201, 4.7716, 1.4909, 1.8626, "2015-11-28 ", 0.154
4.8193, 4.8197, 1.636, 1.9709, "2015-11-29 ", 0.1764
6.7692, 4.8469, 1.7182, 3.2256, "2015-11-30 ", 0.2282
7.3504, 4.7691, 1.9771, 3.5815, "2015-12-01 ", 0.2355
8.2697, 4.6858, 1.9848, 3.6724, "2015-12-02 ", 0.2528
5.4728, 4.7135, 1.5861, 3.3317, "2015-12-03 ", 0.2561
5.6547, 4.7832, 1.6432, 3.1507, "2015-12-04 ", 0.151
5.7834, 4.8158, 1.9673, 2.5676, "2015-12-05 ", 0.137
5.745, 4.7898, 1.7824, 2.7606, "2015-12-06 ", 0.2005
7.8977, 4.719, 1.9887, 3.1568, "2015-12-07 ", 0.1845
8.92, 4.7538, 2.0312, 3.6708, "2015-12-08 ", 0.2036
8.1036, 4.7359, 1.788, 3.936, "2015-12-09 ", 0.2495
7.7994, 4.711, 1.7829, 3.5752, "2015-12-10 ", 0.1925
4.6403, 4.7043, 1.5066, 3.5841, "2015-12-11 ", 0.1444
4.4955, 4.709, 1.4407, 2.8707, "2015-12-12 ", 0.1303
4.4791, 4.7229, 1.454, 3.0823, "2015-12-13 ", 0.1375
7.2486, 4.6744, 1.9954, 3.8905, "2015-12-14 ", 0.1713
6.8958, 4.6867, 1.8608, 3.4731, "2015-12-15 ", 0.1797
6.891, 4.7923, 1.6838, 3.0843, "2015-12-16 ", 0.1475
7.2094, 4.6856, 1.88, 3.5977, "2015-12-17 ", 0.1659
5.3423, 4.6896, 1.8005, 3.7454, "2015-12-18 ", 0.1365
4.93, 4.8351, 1.6661, 3.3725, "2015-12-19 ", 0.141
6.0683, 4.9265, 1.835, 2.1837, "2015-12-20 ", 0.1782
6.0807, 4.9173, 1.7641, 2.2256, "2015-12-21 ", 0.151
2.2302, 4.7302, 1.475, 0.3295, "2015-12-22 ", 0.062
2.6226, 4.7686, 1.3831, 1.9065, "2015-12-23 ", 0.0554
1.9022, 4.7757, 1.3334, 0.2992, "2015-12-24 ", 0.0525
2.1045, 4.7391, 1.3611, 0.4084, "2015-12-25 ", 0.0491
2.088, 4.7846, 1.3587, 0.4066, "2015-12-26 ", 0.0493
1.9326, 4.788, 1.3563, 0.4047, "2015-12-27 ", 0.0452
1.7456, 4.8953, 1.293, 0.6655, "2015-12-28 ", 0.0454
1.6986, 4.8814, 1.0851, 0.9059, "2015-12-29 ", 0.0454
1.7254, 4.8995, 1.0854, 0.7433, "2015-12-30 ", 0.0413
1.7422, 4.8729, 1.085, 0.4215, "2015-12-31 ", 0.0425
2.0147, 4.8908, 1.0848, 0.3579, "2016-01-01 ", 0.0417
1.9346, 4.8951, 1.0833, 0.2934, "2016-01-02 ", 0.0409
1.7879, 4.8688, 1.0833, 0.1758, "2016-01-03 ", 0.0434
4.7347, 4.9346, 1.463, 2.5284, "2016-01-04 ", 0.061
3.5239, 4.9917, 1.3463, 2.6667, "2016-01-05 ", 0.0866
3.0838, 4.8645, 1.4095, 2.4855, "2016-01-06 ", 0.1037
3.079, 4.7563, 1.493, 2.7204, "2016-01-07 ", 0.072
3.1251, 4.7103, 1.4885, 2.6372, "2016-01-08 ", 0.0969
3.5219, 4.7077, 1.3625, 1.1503, "2016-01-09 ", 0.0549
2.1729, 4.656, 1.1921, 1.7794, "2016-01-10 ", 0.0581
3.0211, 4.8615, 1.366, 2.5993, "2016-01-11 ", 0.0646
2.6854, 4.8413, 1.4181, 2.5667, "2016-01-12 ", 0.0688
2.4361, 4.8742, 1.5101, 2.3524, "2016-01-13 ", 0.0926
3.4432, 4.8084, 1.5088, 2.3625, "2016-01-14 ", 0.1119
3.4256, 4.7494, 1.3682, 2.3757, "2016-01-15 ", 0.083
3.642, 4.6965, 1.4759, 1.9706, "2016-01-16 ", 0.0772
3.3118, 4.8222, 1.6925, 1.1923, "2016-01-17 ", 0.0546
2.7552, 4.8191, 1.1332, 0.6417, "2016-01-18 ", 0.052
3.6676, 4.7608, 1.4503, 2.549, "2016-01-19 ", 0.1104
4.054, 4.7442, 1.3958, 2.6779, "2016-01-20 ", 0.1061
4.2299, 4.6972, 1.3667, 2.5926, "2016-01-21 ", 0.1526
4.1436, 4.729, 1.4363, 2.5894, "2016-01-22 ", 0.1413
2.4723, 4.7219, 1.3892, 0.6187, "2016-01-23 ", 0.0478
2.6268, 4.7313, 1.2676, 0.951, "2016-01-24 ", 0.0534
4.7318, 4.6512, 1.3847, 2.872, "2016-01-25 ", 0.1827
4.7457, 4.7295, 1.5098, 2.8294, "2016-01-26 ", 0.1715
4.8481, 4.7595, 1.5935, 3.3212, "2016-01-27 ", 0.1884
6.0112, 4.7162, 1.5316, 3.1689, "2016-01-28 ", 0.2109
5.4222, 4.7129, 1.538, 3.3404, "2016-01-29 ", 0.1607
2.7042, 4.7385, 1.4302, 1.6986, "2016-01-30 ", 0.1152
2.2337, 4.7008, 1.4292, 0.0642, "2016-01-31 ", 0.1327
5.4965, 4.7059, 1.6348, 3.4025, "2016-02-01 ", 0.2324
5.8149, 4.7062, 1.55, 3.3064, "2016-02-02 ", 0.1993
5.7628, 4.6657, 1.7191, 3.0216, "2016-02-03 ", 0.1834
5.7573, 4.6652, 1.5806, 3.4424, "2016-02-04 ", 0.1964
5.0013, 4.7121, 1.5008, 3.3029, "2016-02-05 ", 0.2019
4.2324, 4.7098, 1.546, 0.4712, "2016-02-06 ", 0.1252
2.8825, 4.7011, 1.4451, 0.425, "2016-02-07 ", 0.1631
4.6851, 4.6589, 1.6024, 0.6095, "2016-02-08 ", 0.1821
4.7236, 4.6227, 1.4905, 0.658, "2016-02-09 ", 0.2255
5.0136, 4.6046, 1.5943, 0.6321, "2016-02-10 ", 0.2191
4.4369, 4.6855, 1.6396, 0.6811, "2016-02-11 ", 0.2506
4.6405, 4.7161, 1.6359, 0.6988, "2016-02-12 ", 0.1764
3.5379, 4.6717, 1.711, 0.5917, "2016-02-13 ", 0.1336
3.5137, 4.749, 1.5506, 0.5128, "2016-02-14 ", 0.1627
2.7478, 4.7104, 1.4508, 0.0585, "2016-02-15 ", 0.0843
4.8465, 4.584, 1.9008, 0.6077, "2016-02-16 ", 0.192
5.5131, 4.637, 1.857, 0.6375, "2016-02-17 ", 0.1828
5.1114, 4.7319, 1.767, 0.6483, "2016-02-18 ", 0.2388
4.546, 4.2295, 1.7499, 0.5426, "2016-02-19 ", 0.1772
4.7697, 3.6844, 1.6015, 0.6389, "2016-02-20 ", 0.1472
4.4842, 3.5509, 1.613, 0.6695, "2016-02-21 ", 0.1369
5.5714, 3.4541, 1.6974, 0.5922, "2016-02-22 ", 0.1883
5.934, 3.3475, 1.7373, 0.6114, "2016-02-23 ", 0.2463
5.6052, 3.1738, 1.859, 0.6623, "2016-02-24 ", 0.2417
5.6219, 3.0209, 1.7218, 0.6117, "2016-02-25 ", 0.2818
5.48, 2.939, 1.6255, 0.451, "2016-02-26 ", 0.2064
4.8348, 2.7719, 1.7133, 0.3851, "2016-02-27 ", 0.2065
4.8554, 2.6275, 1.5864, 0.4493, "2016-02-28 ", 0.204
5.8421, 2.4784, 1.8479, 0.3585, "2016-02-29 ", 0.1719
4.1617, 1.6734, 0.8103, 1.9072, "2016-03-01 ", 0.0908
7.0884, 4.6203, 2.047, 3.6292, "2016-03-02 ", 0.2925
7.6918, 4.6777, 1.9521, 3.8691, "2016-03-03 ", 0.2034
6.5194, 4.6261, 1.9377, 3.6227, "2016-03-04 ", 0.1756
6.3308, 4.6659, 1.8593, 2.6648, "2016-03-05 ", 0.1372
5.966, 4.6729, 1.9202, 3.0478, "2016-03-06 ", 0.1484
6.6536, 4.7171, 1.713, 3.2308, "2016-03-07 ", 0.2237
7.9253, 4.7941, 1.8914, 3.5889, "2016-03-08 ", 0.1701
8.1864, 4.7493, 1.8707, 3.2199, "2016-03-09 ", 0.2057
7.4075, 4.7813, 1.6916, 3.3554, "2016-03-10 ", 0.1608
7.0965, 4.6356, 1.5105, 3.2126, "2016-03-11 ", 0.1937
3.5954, 4.7052, 1.7363, 1.6095, "2016-03-12 ", 0.1782
4.9845, 4.6624, 1.4211, 2.1116, "2016-03-13 ", 0.1333
5.2139, 4.6977, 1.5658, 2.7658, "2016-03-14 ", 0.0972
4.7063, 4.59, 1.5623, 2.9281, "2016-03-15 ", 0.1323
4.804, 4.5877, 1.6797, 2.6266, "2016-03-16 ", 0.103
5.2114, 4.5994, 1.6559, 2.8776, "2016-03-17 ", 0.0884
4.3458, 4.6169, 1.4506, 2.686, "2016-03-18 ", 0.0976
4.2132, 4.6165, 1.4213, 2.1603, "2016-03-19 ", 0.0939
4.3333, 4.6125, 1.5147, 2.1065, "2016-03-20 ", 0.129
6.7593, 4.599, 1.8859, 3.5883, "2016-03-21 ", 0.1989
8.1195, 3.2612, 1.6702, 3.8171, "2016-03-22 ", 0.248
6.3698, 2.9027, 1.6308, 3.6193, "2016-03-23 ", 0.2466
7.6875, 2.8439, 1.7319, 3.7682, "2016-03-24 ", 0.198
5.8421, 2.8757, 1.6364, 3.5799, "2016-03-25 ", 0.1675
6.0249, 2.0108, 1.5883, 2.5896, "2016-03-26 ", 0.1256
5.7633, 2.0654, 1.578, 2.5335, "2016-03-27 ", 0.123
7.3745, 2.7823, 1.7992, 3.6404, "2016-03-28 ", 0.2026
7.3971, 2.8136, 1.7981, 3.5508, "2016-03-29 ", 0.2207
7.8189, 2.7175, 2.0285, 3.5891, "2016-03-30 ", 0.2857
7.2542, 2.8942, 1.7501, 3.6764, "2016-03-31 ", 0.3066
7.1266, 3.0615, 1.6697, 3.504, "2016-04-01 ", 0.2612
5.6605, 2.1502, 1.5894, 2.9416, "2016-04-02 ", 0.2204
6.2931, 1.8684, 1.821, 3.0383, "2016-04-03 ", 0.2838
7.7061, 2.7259, 1.9731, 3.6486, "2016-04-04 ", 0.2545
7.3359, 2.7377, 1.9629, 3.4305, "2016-04-05 ", 0.2474
6.2948, 2.6703, 2.0033, 3.3909, "2016-04-06 ", 0.2543
6.4538, 2.809, 1.849, 3.3182, "2016-04-07 ", 0.3033
6.5319, 2.7185, 1.6936, 3.4784, "2016-04-08 ", 0.2203
4.8604, 1.9897, 1.5415, 2.848, "2016-04-09 ", 0.184
5.0076, 1.9431, 1.8018, 2.5623, "2016-04-10 ", 0.1796
6.6705, 2.8298, 1.8421, 3.4406, "2016-04-11 ", 0.2355
6.5184, 2.913, 1.9077, 3.6244, "2016-04-12 ", 0.2943
6.9584, 2.5901, 1.7655, 3.4024, "2016-04-13 ", 0.3195
6.1179, 2.7758, 1.7414, 3.3166, "2016-04-14 ", 0.2899
6.0736, 2.7806, 1.9584, 2.9839, "2016-04-15 ", 0.178
4.8338, 2.0764, 1.5179, 2.9844, "2016-04-16 ", 0.2238
5.3647, 2.2231, 1.8278, 2.8166, "2016-04-17 ", 0.1832
6.4866, 3.0916, 1.9929, 3.5203, "2016-04-18 ", 0.2705
6.4445, 3.2527, 2.0656, 3.3055, "2016-04-19 ", 0.2125
6.9286, 3.1957, 1.978, 3.3643, "2016-04-20 ", 0.2645
7.0559, 3.1101, 1.8806, 3.7029, "2016-04-21 ", 0.2713
6.6111, 3.1759, 1.8958, 3.6025, "2016-04-22 ", 0.2219
6.0748, 2.3974, 1.7771, 3.2137, "2016-04-23 ", 0.2616
6.2397, 2.1102, 1.8767, 2.7788, "2016-04-24 ", 0.3189
7.3342, 2.9917, 1.9824, 3.6718, "2016-04-25 ", 0.2786
7.4642, 2.9512, 1.8479, 3.5769, "2016-04-26 ", 0.2633
7.1574, 2.8362, 1.7789, 3.3744, "2016-04-27 ", 0.3015
7.1353, 2.8557, 2.0085, 3.6827, "2016-04-28 ", 0.2645
8.523, 2.7747, 1.8623, 3.6596, "2016-04-29 ", 0.1947
8.4655, 1.8988, 1.8902, 3.1459, "2016-04-30 ", 0.2114
6.639, 1.884, 1.8636, 3.1169, "2016-05-01 ", 0.2486
8.4189, 2.625, 1.7826, 3.4978, "2016-05-02 ", 0.2361
7.5618, 2.5006, 2.1084, 3.7473, "2016-05-03 ", 0.2026
7.8301, 2.507, 2.1688, 3.1425, "2016-05-04 ", 0.258
7.9278, 2.7175, 1.7277, 3.415, "2016-05-05 ", 0.2351
6.5044, 2.5678, 1.5861, 3.5661, "2016-05-06 ", 0.1994
5.1449, 2.0435, 1.732, 3.196, "2016-05-07 ", 0.1667
4.9307, 2.338, 1.529, 3.0091, "2016-05-08 ", 0.1655
7.1569, 3.2903, 1.776, 3.6675, "2016-05-09 ", 0.2293
6.7722, 3.3325, 1.5702, 3.8053, "2016-05-10 ", 0.1625
7.2606, 3.3502, 1.553, 3.0744, "2016-05-11 ", 0.1259
6.7388, 3.3554, 1.7342, 3.5016, "2016-05-12 ", 0.1598
5.5967, 3.3518, 1.5005, 3.3351, "2016-05-13 ", 0.127
4.3568, 2.5769, 1.5661, 1.4987, "2016-05-14 ", 0.0804
4.8306, 2.5758, 1.5307, 1.7132, "2016-05-15 ", 0.0769
6.5723, 3.2069, 1.8913, 2.9431, "2016-05-16 ", 0.1198
7.0953, 3.1097, 2.0282, 2.3147, "2016-05-17 ", 0.2253
6.2046, 3.077, 1.8556, 1.6838, "2016-05-18 ", 0.1908
3.8159, 3.0151, 1.5408, 1.9656, "2016-05-19 ", 0.0653
3.7975, 3.1745, 1.5007, 1.7754, "2016-05-20 ", 0.0569
3.2558, 2.038, 1.4178, 0.4797, "2016-05-21 ", 0.0574
3.3521, 1.9375, 1.3666, 0.8676, "2016-05-22 ", 0.0628
4.3651, 2.8835, 1.4279, 2.3681, "2016-05-23 ", 0.0878
5.5647, 2.7775, 1.4972, 2.2039, "2016-05-24 ", 0.0935
4.5732, 2.8036, 1.4641, 2.5935, "2016-05-25 ", 0.0872
4.2011, 2.8463, 1.4564, 2.3992, "2016-05-26 ", 0.0758
4.3415, 3.0116, 1.3935, 2.5633, "2016-05-27 ", 0.0845
2.6914, 1.9907, 1.1518, 0.6095, "2016-05-28 ", 0.0581
2.4645, 1.952, 1.1474, 0.6645, "2016-05-29 ", 0.0559
2.4533, 2.8101, 1.1549, 0.5906, "2016-05-30 ", 0.0508
3.4312, 2.8459, 1.4066, 1.0761, "2016-05-31 ", 0.0994
3.9621, 2.8693, 1.4744, 2.7423, "2016-06-01 ", 0.1022
4.799, 2.7496, 1.4888, 2.4452, "2016-06-02 ", 0.1043
4.4287, 2.8205, 1.4796, 2.8869, "2016-06-03 ", 0.1032
3.5504, 1.8925, 1.4291, 1.6502, "2016-06-04 ", 0.091
3.6399, 1.7915, 1.4679, 2.3315, "2016-06-05 ", 0.0964
5.072, 2.7646, 1.4952, 2.7481, "2016-06-06 ", 0.1272
4.9709, 2.9112, 1.5197, 3.4025, "2016-06-07 ", 0.1442
4.8517, 2.559, 1.512, 2.7915, "2016-06-08 ", 0.1505
4.9071, 2.6747, 1.5466, 2.6385, "2016-06-09 ", 0.1367
4.6682, 2.7902, 1.6224, 2.3574, "2016-06-10 ", 0.1102
4.0673, 1.8411, 1.5353, 1.5473, "2016-06-11 ", 0.0952
3.9448, 2.073, 1.5431, 1.6534, "2016-06-12 ", 0.0877
4.9631, 2.7138, 1.6516, 2.8501, "2016-06-13 ", 0.0996
4.6908, 3.2871, 1.7265, 2.615, "2016-06-14 ", 0.0849
5.3058, 3.1132, 1.6651, 2.9878, "2016-06-15 ", 0.1048
4.5124, 3.2006, 1.6168, 2.5737, "2016-06-16 ", 0.0867
5.3952, 3.1159, 1.7062, 2.5341, "2016-06-17 ", 0.0978
4.0891, 3.0786, 1.5702, 1.9594, "2016-06-18 ", 0.0474
3.9487, 3.1478, 1.5598, 1.4347, "2016-06-19 ", 0.0446
5.1511, 3.3261, 1.6006, 2.6616, "2016-06-20 ", 0.0222
5.7318, 3.4325, 1.7411, 2.6969, "2016-06-21 ", 0
5.3462, 3.3608, 1.6125, 2.7318, "2016-06-22 ", 0.0055
5.5868, 3.4308, 1.6837, 2.6331, "2016-06-23 ", 0
5.9624, 3.4883, 1.6179, 2.3198, "2016-06-24 ", 0
4.6772, 3.3849, 1.6393, 1.7337, "2016-06-25 ", 0
5.1397, 3.448, 1.5861, 1.9846, "2016-06-26 ", 0
5.9785, 3.3785, 1.6491, 2.8503, "2016-06-27 ", 0.0055
5.9514, 3.421, 1.7046, 2.4805, "2016-06-28 ", 0
4.9269, 3.4186, 1.657, 2.6705, "2016-06-29 ", 0
4.7832, 3.4157, 1.6659, 2.6057, "2016-06-30 ", 0
3.1337, 3.4518, 1.5516, 1.8706, "2016-07-01 ", 0
2.3741, 3.2572, 1.5568, 0.601, "2016-07-02 ", 0
2.3556, 3.1594, 1.5628, 0.5169, "2016-07-03 ", 0
2.3636, 3.1518, 1.5643, 0.498, "2016-07-04 ", 0
3.1559, 3.3023, 1.5946, 2.2061, "2016-07-05 ", 0
3.6988, 3.4276, 1.5947, 2.318, "2016-07-06 ", 0
2.7284, 3.5401, 1.6438, 2.2919, "2016-07-07 ", 0
2.7984, 3.5421, 1.6083, 1.9994, "2016-07-08 ", 0
2.4311, 4.2651, 1.5995, 1.2014, "2016-07-09 ", 0
2.231, 3.2712, 1.516, 0.3454, "2016-07-10 ", 0
2.6915, 3.2333, 1.6009, 1.7175, "2016-07-11 ", 0
3.2945, 3.3438, 1.5551, 1.9895, "2016-07-12 ", 0
2.8532, 3.4256, 1.6807, 2.2297, "2016-07-13 ", 0.0055
3.2697, 3.451, 1.6378, 2.1911, "2016-07-14 ", 0.0063
3.2564, 3.582, 1.5772, 1.8886, "2016-07-15 ", 0
2.5703, 3.4623, 1.5237, 0.9178, "2016-07-16 ", 0
2.4606, 1.4591, 1.502, 1.3094, "2016-07-17 ", 0
3.1917, 3.3761, 1.6185, 2.6226, "2016-07-18 ", 0.0072
3.0523, 3.3177, 1.6215, 2.318, "2016-07-19 ", 0.0062
3.4975, 3.3251, 1.6088, 2.4284, "2016-07-20 ", 0
3.543, 3.3926, 1.5569, 2.1145, "2016-07-21 ", 0.0553
3.0232, 3.4852, 1.5587, 2.2745, "2016-07-22 ", 0.0582
2.744, 3.4822, 1.5445, 1.3263, "2016-07-23 ", 0.0625
2.7597, 3.268, 1.4578, 0.4527, "2016-07-24 ", 0.0501
3.382, 4.3855, 1.4691, 2.3007, "2016-07-25 ", 0.069
2.8386, 4.4568, 1.4697, 2.2236, "2016-07-26 ", 0.0771
2.7324, 3.401, 1.4631, 2.1434, "2016-07-27 ", 0.076
3.1962, 3.5466, 1.5466, 2.105, "2016-07-28 ", 0.0744
2.7828, 3.3874, 1.4785, 1.7088, "2016-07-29 ", 0.0632
2.6032, 3.3544, 1.453, 1.1718, "2016-07-30 ", 0.0613
2.3047, 3.3117, 1.3945, 0.7671, "2016-07-31 ", 0.0527
3.4831, 3.1604, 1.4916, 1.9441, "2016-08-01 ", 0.0772
3.4793, 3.0486, 1.5688, 2.0388, "2016-08-02 ", 0.0708
3.316, 3.0634, 1.4395, 1.6666, "2016-08-03 ", 0.0799
3.3219, 3.1438, 1.5003, 1.7516, "2016-08-04 ", 0.116
2.6143, 3.2332, 1.4254, 1.7489, "2016-08-05 ", 0.0769
2.5267, 3.2107, 1.3918, 1.1943, "2016-08-06 ", 0.0667
2.3505, 3.229, 1.3582, 0.4772, "2016-08-07 ", 0.059
3.0018, 3.1584, 1.496, 2.2915, "2016-08-08 ", 0.0785
3.2675, 3.0898, 1.4712, 1.9877, "2016-08-09 ", 0.085
3.6026, 3.1795, 1.4494, 2.1819, "2016-08-10 ", 0.0974
3.051, 3.2391, 1.434, 2.0094, "2016-08-11 ", 0.0858
3.3995, 4.8055, 1.446, 1.7958, "2016-08-12 ", 0.0901
2.5964, 4.7936, 1.393, 1.3095, "2016-08-13 ", 0.0546
2.5436, 3.2394, 1.3824, 1.433, "2016-08-14 ", 0.0597
3.1936, 3.2718, 1.3848, 2.0578, "2016-08-15 ", 0.0793
3.3336, 3.4813, 1.3687, 1.88, "2016-08-16 ", 0.085
3.3591, 3.6134, 1.3715, 1.9162, "2016-08-17 ", 0.0749
3.0883, 3.4654, 1.3988, 2.7738, "2016-08-18 ", 0.0821
3.1591, 3.5159, 1.3796, 1.6641, "2016-08-19 ", 0.0776
2.7638, 3.2703, 1.3672, 0.6907, "2016-08-20 ", 0.0585
2.722, 3.204, 1.3977, 0.9768, "2016-08-21 ", 0.0592
3.1251, 3.3014, 1.3815, 2.4332, "2016-08-22 ", 0.0868
3.3282, 3.3224, 1.4, 2.2893, "2016-08-23 ", 0.0761
4.264, 3.3317, 1.5169, 2.7901, "2016-08-24 ", 0.0765
3.3028, 3.2598, 1.4909, 2.2869, "2016-08-25 ", 0.0679
3.5268, 3.2785, 1.3971, 3.3655, "2016-08-26 ", 0.0756
2.9176, 3.381, 1.3768, 3.0135, "2016-08-27 ", 0.0547
2.7851, 3.406, 1.3621, 1.8428, "2016-08-28 ", 0.051
3.7545, 3.7295, 1.4504, 3.055, "2016-08-29 ", 0.0742
2.9636, 3.7745, 1.4148, 2.8289, "2016-08-30 ", 0.0809
3.5856, 3.8867, 1.3996, 2.3662, "2016-08-31 ", 0.0841
3.7753, 3.7322, 1.432, 2.5, "2016-09-01 ", 0.0901
3.4322, 3.6507, 1.4224, 2.1951, "2016-09-02 ", 0.0889
2.5867, 3.3756, 1.3884, 0.5437, "2016-09-03 ", 0.0551
2.5706, 3.3513, 1.3885, 0.4845, "2016-09-04 ", 0.0524
2.5068, 3.5347, 1.386, 0.6537, "2016-09-05 ", 0.0504
4.5895, 3.4393, 1.4793, 2.7751, "2016-09-06 ", 0.1206
5.0598, 3.5607, 1.581, 2.9854, "2016-09-07 ", 0.136
5.3661, 2.9485, 1.5719, 2.8095, "2016-09-08 ", 0.1422
4.9726, 3.338, 1.4883, 2.6299, "2016-09-09 ", 0.1448
4.2507, 2.8118, 1.452, 1.3817, "2016-09-10 ", 0.0943
4.0902, 2.6605, 1.4713, 1.8214, "2016-09-11 ", 0.118
6.1059, 3.1241, 2.1677, 2.8755, "2016-09-12 ", 0.1351
6.2572, 3.1122, 2.348, 3.2254, "2016-09-13 ", 0.1368
6.2116, 3.0283, 2.4407, 2.8915, "2016-09-14 ", 0.1487
5.7828, 2.9026, 2.3936, 2.889, "2016-09-15 ", 0.1491
5.0283, 2.8347, 2.2165, 3.0676, "2016-09-16 ", 0.1053
3.783, 1.9582, 2.1455, 2.2063, "2016-09-17 ", 0.0889
3.588, 2.0178, 2.9014, 1.7145, "2016-09-18 ", 0.0986
6.5342, 2.9673, 2.1447, 3.2743, "2016-09-19 ", 0.1298
7.0665, 2.8566, 2.5612, 3.2814, "2016-09-20 ", 0.1537
6.8974, 2.9031, 2.7692, 3.2642, "2016-09-21 ", 0.1688
6.5879, 2.885, 2.1453, 3.0557, "2016-09-22 ", 0.1355
5.5731, 2.8549, 2.1478, 3.0124, "2016-09-23 ", 0.1457
4.3531, 2.1677, 2.0288, 2.3291, "2016-09-24 ", 0.1222
5.2362, 1.9976, 2.1915, 2.3953, "2016-09-25 ", 0.1128
7.4138, 2.7078, 1.927, 3.1063, "2016-09-26 ", 0.163
6.9168, 2.8583, 2.0105, 3.2327, "2016-09-27 ", 0.1798
7.2518, 2.8435, 1.7899, 3.2795, "2016-09-28 ", 0.2144
6.7083, 2.7391, 2.1417, 3.2406, "2016-09-29 ", 0.1736
5.8921, 2.7174, 2.7551, 3.269, "2016-09-30 ", 0.1463
5.0282, 1.86, 2.3763, 2.1782, "2016-10-01 ", 0.1113
4.7413, 1.7758, 2.6102, 2.2895, "2016-10-02 ", 0.1088
7.3876, 2.5829, 2.4261, 3.3051, "2016-10-03 ", 0.1776
7.4162, 2.7098, 2.4659, 3.4954, "2016-10-04 ", 0.1745
7.3632, 2.7282, 2.8587, 3.5859, "2016-10-05 ", 0.2132
6.4867, 2.8278, 2.5466, 3.1791, "2016-10-06 ", 0.1584
5.6188, 2.7451, 2.5864, 3.2686, "2016-10-07 ", 0.158
4.8059, 1.758, 1.4602, 2.9013, "2016-10-08 ", 0.1285
5.4646, 1.7715, 1.6832, 2.6841, "2016-10-09 ", 0.1194
5.9852, 2.6658, 2.7743, 3.5156, "2016-10-10 ", 0.1738
7.2395, 2.6856, 2.9706, 3.3486, "2016-10-11 ", 0.2224
7.1821, 2.6312, 2.4614, 3.4045, "2016-10-12 ", 0.2776
7.6049, 2.6147, 2.4992, 3.8005, "2016-10-13 ", 0.2319
6.6349, 2.6639, 2.6588, 3.2787, "2016-10-14 ", 0.2064
5.2986, 1.849, 2.2558, 2.5245, "2016-10-15 ", 0.1595
6.0907, 1.7958, 2.6544, 2.9037, "2016-10-16 ", 0.1346
7.4181, 2.6573, 2.6951, 3.491, "2016-10-17 ", 0.1947
7.8006, 2.8505, 2.9073, 3.6851, "2016-10-18 ", 0.2174
8.5306, 2.9951, 2.8937, 3.7955, "2016-10-19 ", 0.2735
7.5252, 2.8945, 3.0158, 3.6683, "2016-10-20 ", 0.1964
6.8433, 2.837, 2.798, 3.5061, "2016-10-21 ", 0.1831
5.9589, 1.8325, 2.9185, 3.1985, "2016-10-22 ", 0.1646
5.4375, 1.8573, 2.6293, 2.0861, "2016-10-23 ", 0.1528
7.9223, 2.6294, 2.8333, 3.664, "2016-10-24 ", 0.2398
8.6701, 2.6524, 3.2262, 4.0094, "2016-10-25 ", 0.2408
8.5168, 2.6227, 2.9258, 3.6296, "2016-10-26 ", 0.2889
8.2242, 2.6712, 2.8387, 3.6893, "2016-10-27 ", 0.223
8.2365, 2.6133, 3.0404, 3.7338, "2016-10-28 ", 0.2122
6.3828, 1.8124, 2.6991, 2.1239, "2016-10-29 ", 0.1582
6.149, 1.8726, 3.8298, 2.6145, "2016-10-30 ", 0.1712
7.7406, 2.6039, 3.2229, 3.6602, "2016-10-31 ", 0.248
7.8583, 2.6027, 3.2025, 3.7407, "2016-11-01 ", 0.2424
7.3884, 2.5829, 3.3975, 3.778, "2016-11-02 ", 0.255
7.3378, 2.624, 3.3756, 3.9981, "2016-11-03 ", 0.2238
7.1037, 2.721, 3.5096, 3.9667, "2016-11-04 ", 0.2682
7.4431, 1.8835, 3.5052, 3.2006, "2016-11-05 ", 0.2133
6.6862, 1.8059, 3.2942, 2.7858, "2016-11-06 ", 0.1714
8.9998, 2.7352, 3.5002, 3.6911, "2016-11-07 ", 0.2076
8.8603, 2.6516, 3.7206, 4.3636, "2016-11-08 ", 0.2457
8.8284, 2.5892, 3.2674, 4.1744, "2016-11-09 ", 0.2677
8.8119, 2.6241, 3.1666, 3.8344, "2016-11-10 ", 0.2268
